GridSearchCV(cv=5, estimator=SVC(kernel='poly'),
             param_grid={'C': [1, 2, 10, 32, 100, 1000],
                         'gamma': [1e-05, 0.000488281, 0.0001, 0.001, 0.01,
                                   0.1]})
{'C': 1, 'gamma': 1e-05}
0.7604395604395606
0.7846153846153846
[[12  0  0  1  0  0  0  0  0  1  0  0  1]
 [ 0 11  1  0  0  0  0  0  1  1  1  0  0]
 [ 1  0 14  0  0  0  0  0  0  0  0  0  0]
 [ 0  0  2 11  1  0  0  0  0  0  1  0  0]
 [ 0  0  0  5 10  0  0  0  0  0  0  0  0]
 [ 0  0  0  0  0 13  0  1  0  1  0  0  0]
 [ 0  0  0  0  0  1 12  1  1  0  0  0  0]
 [ 0  2  2  0  0  1  0 10  0  0  0  0  0]
 [ 0  0  1  1  0  0  0  1 12  0  0  0  0]
 [ 0  0  0  0  1  0  0  0  0 10  3  0  1]
 [ 0  1  2  0  0  0  0  0  0  0 12  0  0]
 [ 0  0  0  0  0  0  0  1  0  0  0 14  0]
 [ 0  0  0  1  0  0  2  0  0  0  0  0 12]]
              precision    recall  f1-score   support

           2       0.92      0.80      0.86        15
           6       0.79      0.73      0.76        15
           8       0.64      0.93      0.76        15
           9       0.58      0.73      0.65        15
          11       0.83      0.67      0.74        15
          12       0.87      0.87      0.87        15
          13       0.86      0.80      0.83        15
          14       0.71      0.67      0.69        15
          18       0.86      0.80      0.83        15
          20       0.77      0.67      0.71        15
          21       0.71      0.80      0.75        15
          22       1.00      0.93      0.97        15
          25       0.86      0.80      0.83        15

    accuracy                           0.78       195
   macro avg       0.80      0.78      0.79       195
weighted avg       0.80      0.78      0.79       195

GridSearchCV(cv=5, estimator=SVC(kernel='poly'),
             param_grid={'C': [1, 2, 10, 32, 100, 1000],
                         'gamma': [1e-05, 0.000488281, 0.0001, 0.001, 0.01,
                                   0.1]})
{'C': 1, 'gamma': 1e-05}
0.8057142857142857
0.7733333333333333
[[12  0  0  0  1  1  0  0  0  1]
 [ 0 13  1  0  0  1  0  0  0  0]
 [ 0  0 13  0  0  0  2  0  0  0]
 [ 0  1  1 11  0  1  0  0  0  1]
 [ 0  0  1  0 13  0  1  0  0  0]
 [ 0  0  0  0  0 13  0  0  1  1]
 [ 0  1  0  0  0  1 13  0  0  0]
 [ 0  0  1  0  0  0  0  5  7  2]
 [ 0  0  0  2  0  0  0  1 10  2]
 [ 0  0  1  0  0  0  0  1  0 13]]
              precision    recall  f1-score   support

           0       1.00      0.80      0.89        15
           1       0.87      0.87      0.87        15
           3       0.72      0.87      0.79        15
          10       0.85      0.73      0.79        15
          15       0.93      0.87      0.90        15
          16       0.76      0.87      0.81        15
          17       0.81      0.87      0.84        15
          19       0.71      0.33      0.45        15
          23       0.56      0.67      0.61        15
          24       0.65      0.87      0.74        15

    accuracy                           0.77       150
   macro avg       0.79      0.77      0.77       150
weighted avg       0.79      0.77      0.77       150

GridSearchCV(cv=5, estimator=SVC(kernel='poly'),
             param_grid={'C': [1, 2, 10, 32, 100, 1000],
                         'gamma': [1e-05, 0.000488281, 0.0001, 0.001, 0.01,
                                   0.1]})
{'C': 1, 'gamma': 1e-05}
0.9047619047619048
0.8444444444444444
[[11  1  3]
 [ 2 13  0]
 [ 1  0 14]]
              precision    recall  f1-score   support

           4       0.79      0.73      0.76        15
           5       0.93      0.87      0.90        15
           7       0.82      0.93      0.87        15

    accuracy                           0.84        45
   macro avg       0.85      0.84      0.84        45
weighted avg       0.85      0.84      0.84        45